0 0 1 3 5 9 21
1 8 19
2 4 11
3 0 1 2 3 4 5 6 7 8 9 10 11 12 13 14 15 16 17 18 19 20 21 22 23 24 25 26 27 28 29 30 31 32 33 34 35 36 37 38 39 40 41 42 43 44 45 46 47 48 49 50 51 52 53 54 55 56 57 58 59 60 61 62 63 64 65 66 67 68 69 70 71 72 73 74 75 76 77 78 79 80 81 82 83 84 85 86 87 88 89 90 91 92 93 94 95 96 97 98 99 100 101 102 103 104 105 106 107 108 109 110 111 112 113 114 115 116 117 118 119 120 121 122 123 124 125 126 127 128 129 130 131 132 133 134 135 136 137 138 139 140 141 142 143 144 145 146 147 148 149 150 151 152 153 154 155 156 157 158 159 160 161 162 163 164 165 166 167 168 169 170 171 172 173 174 175 176 177 178 179 180 181 182 183 184 185 186 187 188 189 190 191 192 193 194 195 196 197 198 199 200 201 202 203 204 205 206 207 208 209 210 211 212 213 214 215 216 217 218 219 220 221 222 223 224 225 226 227 228 229 230 231 232 233 234 235 236 237 238 239 240 241 242 243 244 245 246 247 248 249 250 251 252 253 254 255 256 257 258 259 260 261 262 263 264 265 266 267 268 269 270 271 272 273 274 275 276 277 278 279 280 281 282 283 284 285 286 287 288 289 290 291 292 293 294 295 296 297 298 299 300 301 302 303 304 305 306 307 308 309 310 311 312 313 314 315 316 317 318 319 320 321 322 323 324 325 326 327 328 329 330 331 332 333 334 335 336 337 338 339 340 341 342 343 344 345 346 347 348 349 350 351 352 353 354 355 356 357 358 359 360 361 362 363 364 365 366 367 368 369 370 371 372 373 374 375 376 377 378 379 380 381 382 383 384 385 386 387 388 389 390 391 392 393 394 395 396 397 398 399 400 401 402 403 404 405 406 407 408 409 410 411 412 413 414 415 416 417 418 419 420 421 422 423 424 425 426 427 428 429 430 431 432 433 434 435 436 437 438 439 440 441 442 443 444 445 446 447 448 449 450 451 452 453 454 455 456 457 458 459 460 461 462 463 464 465 466 467 468 469 470 471 472 473 474 475 476 477 478 479 480 481 482 483 484 485 486 487 488 489 490 491 492 493 494 495 496 497 498 499 500 501 502 503 504 505 506 507 508 509 510 511 512 513 514 515 516 517 518 519 520 521 522 523 524 525 526 527 528 529 530 531 532 533 534 535 536 537 538 539 540 541 542 543 544 545 546 547 548 549 550 551 552 553 554 555 556 557 558 559 560 561 562 563 564 565 566 567 568 569 570 571 572 573 574 575 576 577 578 579 580 581 582 583 584 585 586 587 588 589 590 591 592 593 594 595 596 597 598 599 600 601 602 603 604 605 606 607 608 609 610 611 612 613 614 615 616 617 618 619 620 621 622 623 624 625 626 627 628 629 630 631 632 633 634 635 636 637 638 639 640 641 642 643 644 645 646 647 648 649 650 651 652 653 654 655 656 657 658 659 660 661 662 663 664 665 666 667 668 669 670 671 672 673 674 675 676 677 678 679 680 681 682 683 684 685 686 687 688 689 690 691 692 693 694 695 696 697 698 699 700 701 702 703 704 705 706 707 708 709 710 711 712 713 714 715 716 717 718 719 720 721 722 723 724 725 726 727 728 729 730 731 732 733 734 735 736 737 738 739 740 741 742 743 744 745 746 747 748 749 750 751 752 753 754 755 756 757 758 759 760 761 762 763 764 765 766 767 768 769 770 771 772 773 774 775 776 777 778 779 780 781 782 783 784 785 786 787 788 789 790 791 792 793 794 795 796 797 798 799 800 801 802 803 804 805 806 807 808 809 810 811 812 813 814 815 816 817 818 819 820 821 822 823 824 825 826 827 828 829 830 831 832 833 834 835 836 837 838 839 840 841 842 843 844 845 846 847 848 849 850 851 852 853 854 855 856 857 858 859 860 861 862 863 864 865 866 867 868 869 870 871 872 873 874 875 876 877 878 879 880 881 882 883 884 885 886 887 888 889 890 891 892 893 894 895 896 897 898 899 900 901 902 903 904 905 906 907 908 909 910 911 912 913 914 915 916 917 918 919 920 921 922 923 924 925 926 927 928 929 930 931 932 933 934 935 936 937 938 939 940 941 942 943 944 945 946 947 948 949 950 951 952 953 954 955 956 957 958 959 960 961 962 963 964 965 966 967 968 969 970 971 972 973 974 975 976 977 978 979 980 981 982 983 984 985 986 987 988 989 990 991 992 993 994 995 996 997 998 999
4 1 2 7 17
5 20 43
6 0 3 10 23 36 75
7 1 26 55 113
8 1 2 5 7 13 17 29 37 77 157
9 0 2 3 4 7 11 12 18 27 32 39 67 102 207
10 4 11 16 35 130 263
11 1 5 38 79 161 325
12 0 1 3 6 8 9 15 19 30 33 41 63 96 129 195 393
13 2 7 44 91 232 467
14 2 7 8 19 22 47 52 107 272 547
15 0 1 3 9 50 103 156 209 315 633
16 1 4 5 10 11 23 25 49 53 88 101 179 361 725
17 4 11 56 115 410 823
18 0 2 3 7 12 27 28 59 90 152 183 307 462 927
19 1 2 5 7 10 13 17 23 37 49 62 77 101 127 205 257 517
20 1 14 31 65 286 575
21 0 3 6 15 68 139 210 423 636
22 16 34 35 71 700
23 1 2 4 7 8 11 17 19 25 32 41 52 67 74 107 137 151 217 305 382 767
24 0 1 2 3 4 5 7 9 11 12 13 17 18 21 25 27 32 37 39 45 53 57 67 77 81 102 109 117 137 165 207 237 277 333 417 557 837
25 8 19 80 163 910
26 20 40 43 83 986
27 0 1 3 5 9 21 86 175 264 353 531 709
28 1 2 7 17 20 22 43 47 89 97 112 227 457 572
29 2 7 10 16 23 35 62 92 127 187 244 491
30 0 3 4 6 11 15 18 24 39 46 51 60 95 123 144 186 291 375 438 879
31 1 4 11 25 98 199 401 704
32 1 5 10 23 26 49 55 101 113 229 374 751
33 0 2 3 7 12 27 104 211 318 532 639
34 2 7 8 19 28 52 59 107 152 307 338 679
35 1 5 13 29 110 223 449 901
36 0 1 3 8 9 19 26 30 41 55 63 84 113 129 171 316 345 635 954
37 4 11 14 31 116 235 286 575
38 2 4 7 11 32 58 67 119 302 424 607 851
39 0 1 2 3 6 7 9 12 15 17 22 27 33 42 47 57 72 87 97 122 147 177 222 247 297 372 447 497 747 897
40 1 5 13 29 34 61 71 125 145 293 589
41 16 35 128 259
42 0 3 10 23 36 64 75 131 198 399 868
43 1 2 5 7 17 37 134 271 545 682
44 1 2 4 7 11 17 25 32 38 67 79 137 161 202 284 407 571 817
45 0 3 4 8 10 11 18 19 23 30 36 39 63 74 75 88 140 151 179 228 270 283 426 459 543 855 998
46 40 70 83 143
47 1 8 19 41 146 295 593
48 0 1 2 3 5 6 7 9 12 15 16 17 21 27 33 35 37 42 54 57 69 73 87 92 111 117 149 168 177 187 225 282 339 357 377 453 567 681 757 852
49 2 7 20 28 43 59 112 152 227 307 710
50 44 76 91 155
51 0 1 3 4 5 9 11 13 18 20 21 25 39 43 45 53 66 81 89 109 135 158 165 181 273 319 333 365 480 549 641 963
52 1 4 11 25 38 46 79 95 161 193 284 571
53 2 7 22 47 164 331 832
54 0 2 3 7 12 14 27 31 48 82 99 167 252 286 507 575 864
55 1 10 23 49 170 343 689
56 1 5 8 13 19 41 50 85 103 173 209 421 580 845
57 0 3 6 15 24 51 176 355 534
58 2 4 7 8 10 11 19 23 32 52 62 67 74 88 107 127 140 151 179 283 382 452 712 767 907 998
59 1 2 4 5 7 11 17 25 32 34 37 53 67 71 137 145 182 256 277 293 367 515 737
60 0 1 3 9 16 35 44 54 73 91 111 138 185 225 279 561 890
61 26 55 188 379
62 56 94 115 191
63 0 1 2 3 7 9 12 17 27 57 194 391 588 785 982
64 1 2 5 7 17 22 37 47 58 97 119 197 241 302 485 607
65 4 11 26 28 55 59 200 214 403 431 896
66 0 3 4 6 11 15 18 39 60 100 123 203 306 615 718 924
67 1 5 8 13 16 19 29 35 41 61 73 85 149 173 206 301 349 415 605 701 833
68 1 2 7 10 17 23 49 50 62 103 127 209 257 262 527 686
69 0 2 3 7 8 12 19 27 30 40 52 63 83 107 126 162 212 255 327 427 470 642 943
70 64 106 131 215
71 1 10 14 23 31 49 65 218 286 439 575 881
72 0 1 3 4 5 9 11 13 18 20 21 25 29 39 43 45 53 66 81 89 93 109 135 158 165 181 221 273 319 333 365 480 549 641 669 733 963
73 2 4 7 11 32 67 224 451
74 2 7 20 43 68 112 139 227 352 707
75 0 1 3 5 6 9 15 21 33 69 230 463 696 929
76 1 56 70 115 143 233 289
77 34 71 236 475
78 0 2 3 7 8 12 19 22 27 30 47 52 63 72 107 118 147 162 239 272 327 360 547 602 723 822
79 1 2 4 7 11 16 17 25 32 35 46 67 73 92 95 130 137 187 193 242 263 377 487 529 662 928 977
80 1 4 5 8 11 19 25 28 41 53 59 74 85 121 151 214 245 305 338 431 613 679 865
81 0 3 10 23 36 75 248 499 750
82 76 124 155 251
83 1 2 5 7 13 17 37 77 254 511
84 0 1 2 3 6 7 9 10 12 15 17 23 24 27 33 36 42 49 51 57 62 75 78 87 105 114 127 132 153 159 177 192 231 257 267 321 348 387 402 465 537 582 699 777 807
85 38 79 260 523
86 4 11 16 35 80 130 163 263 578
87 0 1 3 4 9 11 18 25 39 81 266 535 804
88 1 2 5 7 13 14 17 31 37 65 77 82 133 167 269 286 337 575 677
89 2 7 8 19 22 40 47 52 83 107 212 272 427 470 547 943
90 0 3 26 55 84 136 171 275 414 831
91 1 5 8 19 41 85 278 559
92 1 68 86 139 175 281 353
93 0 2 3 4 6 7 11 12 15 18 27 32 38 39 42 60 67 79 87 102 120 123 202 207 243 284 312 366 407 571 612 627 735 858
94 2 4 7 10 11 23 26 32 55 62 67 88 127 142 179 200 287 374 403 452 751 907
95 1 20 43 89 290 583
96 0 1 3 5 9 21 28 34 59 71 90 108 121 145 183 219 245 293 369 441 741 885
97 10 20 23 43 44 91 296 595 608
98 2 7 16 35 92 148 187 299 752
99 0 1 2 3 5 7 9 12 13 17 21 27 29 37 45 57 58 77 93 117 119 157 180 237 241 302 363 477 485 607 729 912 973
100 1 4 8 11 19 25 41 74 94 151 191 305 385 676
101 4 11 46 95 308 619
102 0 3 6 8 15 19 30 63 96 154 195 311 468 939
103 1 2 7 17 22 47 97 314 631
104 1 2 5 7 13 17 29 37 61 77 98 157 199 317 401 502 805
105 0 3 14 16 31 35 48 54 99 111 286 320 575 643 864 966
106 100 160 203 323
107 1 4 5 10 11 23 25 44 49 53 88 91 101 179 185 326 361 373 608 655 725
108 0 1 2 3 4 7 9 11 12 17 18 25 27 32 39 57 67 80 81 102 137 163 207 246 329 412 417 495 578 827 993
109 2 7 50 64 103 131 262 332 527 667
110 10 23 104 166 211 335
111 0 1 3 6 8 9 15 19 24 28 30 33 41 51 59 63 90 96 105 121 129 183 195 276 294 338 369 393 555 591 679 834
112 1 5 40 83 106 169 215 341 433 869
113 2 7 8 19 52 107 344 691
114 0 2 3 4 7 11 12 18 22 27 32 34 39 47 67 71 72 102 108 147 172 182 207 219 256 347 367 515 522 552 774 922
115 1 4 5 11 13 25 53 109 350 703
116 1 86 110 175 223 353 449
117 0 3 16 35 54 111 356 715
118 2 7 20 43 112 178 227 359 902
119 1 2 7 17 26 55 70 113 142 143 287 289 362 577 727
120 0 1 3 5 6 9 10 13 15 20 21 23 33 36 43 45 49 66 69 75 89 101 114 135 141 153 181 204 205 231 273 296 309 365 411 465 549 595 621 825 894 933
121 4 11 50 56 103 115 368 410 739 823
122 4 8 11 14 19 31 74 116 151 184 235 286 371 575
123 0 1 2 3 5 7 9 10 12 17 21 23 26 27 36 37 49 55 57 62 75 84 101 113 117 127 142 153 171 192 229 257 287 309 345 374 387 432 517 577 693 751 777 867
124 1 2 7 8 16 17 19 35 41 52 73 92 107 118 187 206 217 239 377 415 481 602 833
125 58 119 380 763
126 0 3 38 79 120 190 243 383 576
127 1 28 59 121 386 775
128 1 2 4 5 7 11 17 22 25 32 37 46 47 53 67 95 97 122 137 172 193 197 242 247 277 347 389 487 497 697 872 977 997
129 0 2 3 4 6 7 11 12 15 18 27 32 39 42 60 67 76 87 102 123 155 207 234 312 392 471 550 627 708 787
130 124 196 251 395
131 1 5 13 29 61 125 398 799
132 0 1 3 9 40 83 98 126 169 199 255 300 401 513 603
133 2 7 8 10 19 23 34 52 62 71 107 127 140 182 283 367 404 478 712 811 959
134 2 7 38 79 128 202 259 407 652
135 0 1 3 4 8 9 11 18 19 25 30 39 41 56 63 74 81 115 129 151 174 228 233 305 351 410 459 646 705 823 921
136 1 4 5 10 11 13 16 23 25 29 35 49 53 73 88 101 109 130 149 179 205 221 244 263 301 361 413 491 529 605 725 985
137 64 131 416 835
138 0 2 3 6 7 12 15 24 27 42 51 87 132 208 267 419 630
139 1 2 5 7 14 17 22 31 37 47 65 82 97 133 167 197 286 337 422 575 677 847
140 1 104 134 211 271 425 545
141 0 3 20 43 66 135 428 859
142 4 11 28 59 136 214 275 431 970
143 1 2 4 7 11 16 17 20 25 32 35 43 67 73 89 92 112 130 137 158 187 227 263 319 377 434 457 529 641 662 802 871
144 0 1 2 3 5 7 8 9 12 17 19 21 27 30 37 41 44 52 57 63 85 91 107 117 129 138 162 185 217 232 261 279 327 373 437 467 514 561 657 702 937
145 68 139 440 883
146 8 10 19 23 140 220 283 443
147 0 1 3 5 6 9 13 15 21 33 45 69 141 446 895
148 1 2 7 17 26 55 110 113 142 223 287 449 562 577
149 2 4 7 10 11 23 32 62 67 70 88 127 143 179 362 452 508 727 907 946
150 0 3 4 11 18 39 46 95 144 226 291 455 684
151 1 34 71 145 458 919
152 1 5 13 26 55 113 146 229 295 461 593
153 0 2 3 7 12 22 27 47 72 147 464 931
154 2 7 44 91 148 232 299 467 752
155 1 5 8 16 19 35 40 41 73 83 85 149 169 206 341 415 470 814 833 943
156 0 1 3 4 6 9 11 14 15 18 25 31 33 39 48 60 65 81 99 116 123 150 201 235 249 286 303 354 473 575 609 711 864
157 4 8 11 19 74 151 476 955
158 2 7 28 59 152 238 307 479
159 0 1 2 3 7 9 10 12 17 23 27 36 49 57 62 75 94 127 153 191 192 257 288 385 387 482 579 777 967
160 1 5 58 119 154 241 311 485 625
161 76 155 488 979
162 0 3 10 16 23 35 36 50 54 75 103 111 156 244 315 491 686 738
163 1 2 4 5 7 11 13 17 25 29 32 37 53 67 68 77 109 137 139 157 221 277 281 352 494 557 565 707 991
164 1 2 4 7 11 17 20 22 25 32 43 47 67 89 97 112 122 137 158 172 227 247 319 347 457 497 572 641 697 802 872
165 0 3 6 15 24 51 78 159 500
166 8 19 20 43 160 250 323 503
167 1 38 79 161 506
168 0 1 2 3 5 7 8 9 12 13 17 19 21 27 29 30 37 41 45 52 57 61 63 77 85 93 107 117 125 129 157 162 173 189 217 237 253 261 317 327 349 381 437 477 509 525 637 657 701 765 877 957
169 2 7 80 100 163 203 412 512 827
170 4 11 34 71 164 256 331 515
171 0 1 3 4 5 9 11 18 21 25 39 53 81 165 518
172 1 10 23 49 128 166 259 335 521 673
173 2 7 14 28 31 59 82 152 167 286 307 524 575
174 0 2 3 6 7 12 15 16 27 35 42 50 54 87 92 103 111 156 168 187 262 282 315 339 474 527 567 792 852 951
175 1 10 23 38 40 49 79 83 161 169 530 556
176 1 5 64 131 170 265 343 533 689
177 0 3 4 8 11 18 19 26 30 39 46 55 63 74 84 95 144 151 171 200 228 291 316 403 459 536 606 635 954
178 2 4 7 11 22 32 47 67 172 268 347 539
179 1 2 5 7 8 13 17 19 37 41 52 77 85 106 107 173 215 217 433 437 542 869 877
180 0 1 3 9 56 115 134 174 233 271 351 408 545 705 819
181 16 26 35 55 86 175 548
182 176 274 355 551
183 0 1 2 3 6 7 9 12 15 17 27 33 42 57 87 177 554
184 1 2 4 5 7 11 13 17 25 32 37 53 67 77 109 137 178 277 359 557 721 902
185 4 10 11 23 88 179 560
186 0 3 58 119 180 280 363 563 846
187 1 5 20 43 89 181 566
188 1 2 7 8 10 17 19 23 34 41 49 52 62 71 107 127 140 145 182 217 257 283 367 404 478 569 712 737 811 959
189 0 2 3 7 12 20 22 27 28 43 47 59 66 72 90 112 135 147 152 183 227 307 342 462 572 687 710 772 927
190 8 14 19 31 184 286 371 575
191 1 4 11 25 44 80 91 163 185 326 329 578 655
192 0 1 3 4 5 6 9 11 15 18 21 24 25 33 39 51 53 60 69 70 81 105 123 143 165 186 213 216 249 289 375 435 501 508 581 654 753 873
193 2 7 16 35 92 187 584
194 2 7 56 115 188 292 379 587 952
195 0 1 3 5 9 13 21 29 45 61 93 189 590
196 1 146 190 295 383 593 769
197 94 191 596
198 0 2 3 4 7 10 11 12 18 23 27 32 36 39 40 62 67 75 83 88 102 126 127 179 192 207 212 255 270 298 387 427 452 543 556 599 642 900 907
199 1 2 4 7 8 11 17 19 25 32 41 46 52 67 74 95 107 118 137 151 193 217 239 242 305 382 481 487 536 602 767 844 977
200 1 5 13 16 29 35 73 149 194 301 391 605 785
201 0 3 6 8 10 15 19 23 30 36 44 63 75 91 96 114 138 140 195 231 279 283 420 426 514 608 843 855
202 196 304 395 611
203 1 2 5 7 17 22 37 47 97 197 614
204 0 1 2 3 7 9 12 17 27 28 57 59 64 90 121 131 152 183 198 265 307 332 369 399 462 617 667 801 927
205 4 11 86 98 175 199 620 704
206 4 11 26 55 200 310 403 623
207 0 1 3 9 14 31 34 48 65 71 99 108 145 201 219 286 441 575 626 864
208 1 2 5 7 17 37 38 76 79 155 161 202 313 325 392 407 629 787 817
209 2 7 100 124 203 251 512 632
210 0 3 6 8 15 19 20 26 30 43 55 63 66 84 96 135 171 195 204 250 258 316 411 503 519 635 664 756 954
211 1 5 10 13 23 49 101 205 638
212 1 4 8 11 16 19 20 25 35 41 43 73 74 89 130 151 158 206 250 263 305 319 415 434 503 529 641 833 871
213 0 2 3 4 7 11 12 18 27 32 39 67 102 207 644
214 2 7 10 22 23 47 62 127 208 322 419 647
215 1 50 103 209 650
216 0 1 3 5 9 13 21 38 45 68 79 120 139 161 210 243 281 325 423 489 565 653 849 981
217 104 211 656
218 2 7 40 83 212 328 427 659
219 0 1 2 3 4 5 6 7 9 11 12 15 16 17 18 21 24 25 27 32 33 35 37 39 42 51 53 54 57 60 67 69 73 81 87 92 102 105 111 117 123 130 132 137 149 165 168 177 186 187 207 213 225 249 263 267 277 282 312 339 357 375 377 396 417 453 501 510 529 537 567 627 662 681 753 757 795 837 852 942
220 1 4 11 25 28 59 121 164 214 331 431 665 865
221 8 19 58 106 119 215 668
222 0 3 70 143 216 334 435 671
223 1 2 7 8 17 19 41 52 107 217 674
224 1 2 5 7 10 14 17 23 31 37 49 62 65 82 101 127 133 167 218 257 286 337 439 517 575 677 881
225 0 3 34 71 108 219 680
226 4 11 46 95 220 340 443 683
227 1 4 5 10 11 13 23 25 29 49 50 53 88 101 103 109 179 205 209 221 361 368 413 421 686 725 739 845
228 0 1 2 3 6 7 9 12 15 17 22 27 33 42 47 57 72 87 97 147 170 177 222 297 343 447 516 689 862 897
229 2 7 110 136 223 275 562 692
230 224 346 451 695
231 0 1 3 9 16 35 54 73 111 225 698
232 1 5 8 13 19 29 41 61 85 173 226 349 455 701 913
233 2 4 7 11 20 32 43 67 98 112 158 199 227 319 502 704 802
234 0 2 3 4 7 8 11 12 18 19 27 30 32 39 52 63 67 68 74 102 107 139 151 162 207 210 228 327 352 382 423 459 494 707 767 778 991
235 1 5 20 26 28 43 55 59 89 113 121 181 229 245 664 710 896
236 1 176 230 355 463 713 929
237 0 3 6 10 15 23 36 75 114 231 716
238 2 7 16 35 44 91 92 187 232 358 467 719 890
239 1 2 7 17 22 26 47 55 56 97 113 115 142 233 287 292 577 587 722
240 0 1 3 4 5 9 10 11 18 21 23 25 36 39 49 53 75 76 81 88 101 153 155 165 179 234 270 309 313 361 471 543 550 629 725 945
241 4 11 14 31 40 83 116 235 286 298 575 599 728
242 236 364 475 731
243 0 1 2 3 5 7 8 9 12 13 17 19 21 27 30 37 41 45 52 57 63 64 77 85 107 117 129 131 162 173 198 217 237 261 265 327 332 399 437 525 533 657 667 734 801 877
244 1 2 7 17 34 71 145 182 238 367 479 737 961
245 8 19 118 239 740
246 0 3 6 15 24 51 78 159 240 370 483 743
247 1 4 11 25 58 104 119 211 241 424 425 746 851
248 1 2 4 5 7 11 13 17 25 32 37 44 46 53 67 77 91 95 109 137 185 193 232 242 277 326 373 389 467 487 557 655 749 781 937 977
249 0 2 3 7 12 27 38 79 120 148 202 243 299 407 450 612 752 903
250 10 16 23 35 244 376 491 755
251 1 5 28 59 121 245 758
252 0 1 3 9 80 163 188 246 329 379 495 570 761 993
253 2 7 10 22 23 47 56 62 115 122 127 247 292 322 587 647 764
254 2 4 7 8 11 19 32 52 67 74 107 151 248 382 499 767
255 0 1 3 4 6 9 11 15 18 25 33 39 60 81 123 249 770
256 1 5 8 19 20 41 43 85 89 94 181 191 250 385 503 773
257 16 35 38 79 124 251 776
258 0 2 3 7 12 14 20 27 31 43 48 66 82 99 112 135 167 227 252 286 342 388 507 575 687 779 864
259 1 2 5 7 13 17 29 37 61 77 125 154 157 253 311 317 625 637 782
260 1 194 254 391 511 785
261 0 3 4 11 18 39 40 83 110 126 223 255 298 336 599 675 788 900
262 4 11 34 71 256 394 515 791
263 1 2 7 10 17 23 49 62 127 257 794
264 0 1 2 3 5 6 7 9 12 13 15 17 21 22 26 27 29 33 37 42 45 47 55 57 69 72 77 84 87 93 97 113 117 141 142 147 157 171 177 197 222 229 237 258 285 287 297 345 357 397 432 447 461 477 519 577 597 693 717 722 797 867 897 925
265 8 19 70 128 143 259 800
266 10 23 28 59 260 400 523 803
267 0 1 3 5 8 9 19 21 30 41 63 85 129 261 806
268 1 2 4 7 11 17 25 26 32 50 55 67 103 113 137 142 200 209 262 287 368 403 527 577 739 809
269 2 4 7 11 16 32 35 67 92 130 160 187 263 323 662 812
270 0 3 86 175 264 406 531 815
271 1 64 131 265 818
272 1 5 100 203 266 409 535 821
273 0 2 3 6 7 12 15 24 27 42 51 87 132 267 824
274 2 7 80 163 268 412 539 827
275 1 4 5 11 13 14 25 31 46 53 65 95 109 116 133 193 235 269 286 389 473 575 781 830 949
276 0 1 3 4 8 9 10 11 16 18 19 23 25 30 35 36 39 41 49 54 63 73 74 75 81 88 111 129 130 140 151 153 179 206 225 228 244 263 270 283 305 361 396 415 426 459 491 529 543 569 624 738 795 833 855 921 985 998
277 134 271 836
278 2 7 8 19 22 47 52 107 272 418 547 839
279 0 1 2 3 7 9 10 12 17 20 23 27 36 43 49 57 62 66 75 89 112 127 135 153 166 192 227 257 273 296 335 342 387 457 504 595 673 687 777 842 894
280 1 5 13 50 103 209 274 421 551 845
281 20 34 43 71 136 275 848
282 0 3 4 6 11 15 18 28 39 58 59 60 90 119 123 180 183 214 276 363 424 431 546 555 648 851
283 1 2 4 5 7 11 17 25 32 37 53 67 137 277 854
284 1 2 7 17 40 83 169 212 278 427 559 857
285 0 3 44 91 138 279 860
286 280 430 563 863
287 1 8 19 41 68 76 139 155 281 313 778 866
288 0 1 2 3 5 7 9 12 16 17 21 27 35 37 54 57 73 92 106 111 117 149 187 215 225 282 324 377 433 453 542 567 651 757 869
289 2 4 7 8 10 11 19 22 23 32 47 52 62 67 74 88 107 122 127 140 151 172 179 247 272 283 322 347 382 452 547 647 712 767 872 907 998
290 4 11 38 79 284 436 571 875
291 0 1 3 5 6 9 13 15 21 29 33 45 69 93 141 285 878
292 1 10 14 23 31 49 65 218 286 439 575 881
293 2 7 26 55 142 287 884
294 0 2 3 7 12 27 86 94 175 191 264 288 442 482 531 579 887 967
295 1 16 35 44 70 73 91 143 185 289 890
296 1 4 5 11 13 25 29 53 61 109 125 221 290 445 583 893
297 0 3 4 11 18 26 28 39 46 55 59 84 90 95 144 171 183 200 214 291 403 431 606 648 896
298 2 7 8 19 38 52 56 79 107 115 202 292 407 448 587 646 899
299 1 2 5 7 17 34 37 71 145 178 182 293 359 367 721 737 902
300 0 1 3 6 8 9 15 19 24 30 33 41 51 63 96 105 129 195 224 294 393 451 591 678 905
301 146 295 908
302 10 20 23 43 296 454 595 911
303 0 1 2 3 4 7 9 11 12 17 18 22 25 27 32 39 47 57 67 72 81 97 102 128 137 147 172 207 259 297 347 390 417 521 522 652 697 783 914
304 1 2 4 5 7 11 17 20 25 32 37 40 43 53 67 83 89 112 137 158 169 181 212 227 277 298 319 341 427 457 599 641 802 857 917 986
305 10 23 68 139 148 299 920
306 0 3 98 199 300 460 603 923
307 1 5 13 16 35 73 149 301 926
308 1 2 7 17 58 119 230 241 302 463 607 929
309 0 2 3 6 7 8 12 14 15 19 27 30 31 42 48 52 63 82 87 96 99 107 150 162 167 184 195 252 286 303 327 371 492 507 558 575 762 864 932 987
310 4 11 64 131 304 466 611 935
311 1 4 8 11 19 25 41 74 151 305 938
312 0 1 3 5 9 13 21 45 56 100 115 174 203 233 306 351 409 469 615 705 821 941
313 2 7 28 59 152 307 944
314 2 7 16 22 35 47 92 187 308 472 619 947
315 0 1 3 5 9 10 21 23 36 49 75 101 153 309 950
316 1 236 310 475 623 953
317 4 11 134 154 271 311 956
318 0 2 3 4 6 7 10 11 12 15 18 23 27 32 34 36 39 42 60 62 67 71 75 87 88 102 108 114 123 127 179 182 192 207 219 231 256 270 312 330 367 387 452 478 515 543 552 582 627 663 774 816 907 959
319 1 2 7 17 76 155 190 313 383 392 769 787 962
320 1 5 8 19 41 85 118 239 314 481 631 965
321 0 3 50 103 156 315 968
322 8 19 26 55 316 484 635 971
323 1 2 5 7 13 17 29 37 61 77 157 317 974
324 0 1 2 3 4 7 9 11 12 17 18 25 27 32 39 46 57 67 81 95 102 104 137 144 193 207 211 242 291 318 417 425 487 532 585 639 732 746 977
325 4 11 20 43 158 319 980
326 14 16 26 31 35 55 286 320 490 548 575 643 983
327 0 1 3 6 9 15 20 24 33 40 43 51 66 78 83 89 105 126 135 159 169 204 255 273 321 384 411 513 618 771 825 986
328 1 2 5 7 10 13 17 22 23 28 29 37 47 49 59 62 77 97 101 121 127 152 157 197 205 245 257 307 322 397 400 413 493 517 617 647 772 797 803 989
329 2 7 160 196 323 395 812 992
330 0 3 106 215 324 496 651 995
331 1 4 5 8 10 11 19 23 25 38 41 49 53 74 79 85 88 101 140 151 161 179 283 284 305 325 361 448 530 569 571 613 725 899 998
332 1 4 11 25 44 91 185 248 326 499 655
333 0 2 3 7 8 12 16 19 27 30 35 50 52 54 63 92 103 107 111 156 162 187 206 262 282 315 327 415 527 567 580 624 792
334 2 7 98 199 328 502 659
335 1 80 163 329
336 0 1 3 5 6 9 15 21 33 34 69 71 108 124 145 219 251 293 330 378 441 505 663 759 885
337 164 331
338 2 4 7 11 32 64 67 70 131 143 332 362 466 508 667 727 935
339 0 1 2 3 4 5 7 9 11 12 13 17 18 21 22 25 27 32 37 38 39 45 47 53 57 67 72 77 79 81 97 102 109 117 120 137 147 161 165 172 197 202 207 237 243 277 284 297 325 333 347 397 407 417 489 522 557 571 597 612 653 697 817 837 858 981
340 1 254 334 511 671
341 10 23 166 335
342 0 3 8 19 30 44 63 91 110 138 223 279 336 514 675
343 1 2 7 14 17 31 58 65 82 119 167 241 286 302 337 575 607
344 1 2 5 7 8 10 13 17 19 23 28 37 41 49 52 59 62 77 85 101 107 121 127 140 152 173 205 217 245 257 283 307 338 400 437 493 517 569 617 679 712 803 877
345 0 3 4 6 11 15 16 18 35 39 54 60 111 123 130 146 168 263 295 339 396 444 795 891
346 4 11 46 95 340 520 683
347 1 5 40 83 169 341
348 0 1 2 3 7 9 12 17 20 27 43 57 66 89 112 135 227 260 273 342 457 523 687 786
349 2 7 170 208 343 419 862
350 20 43 344 526 691
351 0 1 3 9 26 55 84 113 171 345
352 1 4 5 11 16 25 35 53 73 130 149 263 346 529 695
353 2 4 7 8 11 19 22 32 47 52 67 74 94 107 151 172 191 272 347 382 482 547 676 767 967
354 0 2 3 6 7 10 12 15 23 24 27 36 42 51 62 75 87 104 114 127 132 192 211 231 267 318 348 387 532 582 639 699 960
355 1 5 8 13 19 26 29 34 41 55 71 85 113 145 173 229 293 316 349 404 461 589 635 811 925
356 1 266 350 535 703
357 0 3 10 23 36 56 75 80 115 163 174 246 351 495 764
358 2 7 68 139 352 538 707
359 1 2 4 7 11 17 25 28 32 59 67 86 121 137 152 175 214 307 353 431 442 617 620 865 887
360 0 1 3 4 5 9 11 13 14 18 21 25 29 31 39 45 48 53 61 65 81 93 99 109 116 133 165 189 201 221 235 269 286 333 354 405 445 473 541 575 669 711 813 864 949
361 176 355
362 356 544 715
363 0 1 2 3 5 6 7 9 12 15 17 21 27 33 37 42 57 69 87 117 177 357
364 1 2 7 8 16 17 19 22 35 41 47 52 73 92 97 107 187 206 217 272 358 377 415 472 547 719 833 947
365 178 359
366 0 3 4 8 11 18 19 30 39 63 74 76 118 151 155 228 234 239 360 459 471 550 723 844 866
367 1 4 10 11 23 25 49 88 179 361
368 1 2 5 7 17 37 70 136 143 275 289 362 553 581 692 727
369 0 2 3 7 12 27 58 119 180 220 302 363 443 607 666 912
370 10 23 40 83 364 556 731
371 1 5 13 16 20 35 43 56 73 89 115 149 181 233 301 365 434 469 871 941
372 0 1 3 6 9 15 33 38 79 120 161 243 278 366 489 559 735 840
373 2 4 7 11 20 32 34 43 46 67 71 95 112 158 182 227 242 256 319 367 487 515 802 848
374 2 4 7 11 32 50 67 103 110 223 262 368 527 562 739 788
375 0 1 3 8 9 19 28 30 41 59 63 90 100 121 129 183 203 306 338 369 409 615 679
376 1 5 13 68 139 281 370 565 743
377 8 14 19 31 64 131 184 286 371 575 734
378 0 2 3 7 12 22 27 47 72 122 147 247 372 568 747
379 1 2 5 7 17 37 44 91 185 226 232 373 455 467 913 937
380 1 4 10 11 23 25 26 38 49 55 79 88 113 161 179 200 284 361 374 403 530 571 751 809
381 0 3 4 6 11 15 18 24 39 51 60 123 186 375
382 376 574 755
383 1 2 7 10 16 17 23 35 49 62 73 86 92 127 175 187 244 257 353 377 442 491 887 985
384 0 1 2 3 5 7 9 12 17 21 26 27 37 55 57 84 113 117 124 142 171 229 251 287 345 378 432 505 577 632 693 759 867
385 188 379
386 8 19 50 103 380 580 763
387 0 1 3 4 5 9 11 13 18 21 25 29 39 45 53 61 81 93 109 125 164 165 189 221 331 333 381 445 498 665 669 893 999
388 1 2 4 7 8 11 17 19 25 32 41 52 67 74 107 137 151 217 290 305 382 583 767
389 2 7 22 44 47 91 190 232 383 467 962
390 0 3 6 15 16 28 35 40 54 59 83 90 111 126 168 183 255 276 339 384 555 586 771 814
391 1 94 191 385
392 1 5 13 29 34 71 145 293 386 589 775
393 0 2 3 7 10 12 23 27 36 62 75 127 192 387
394 2 4 7 11 14 20 31 32 43 67 82 112 116 158 167 227 235 286 319 388 575 592 779 802
395 1 4 5 11 25 46 53 95 193 389
396 0 1 3 9 10 20 23 36 43 49 66 75 89 128 135 153 259 273 296 390 521 595 783 894
397 8 19 106 194 215 391
398 2 7 76 155 392 598 787
399 0 1 2 3 6 7 8 9 12 15 17 19 27 30 33 41 42 52 57 63 87 96 107 129 162 177 195 217 238 327 393 479 492 657 720 961 987
400 1 5 148 299 394 601 791
401 4 11 170 196 343 395
402 0 3 4 11 16 18 35 39 54 111 130 263 396 604 795
403 1 2 5 7 13 17 22 37 47 77 97 197 397
404 1 2 7 17 58 119 241 302 398 607 799
405 0 3 64 131 198 399
406 10 23 28 59 400 610 803
407 1 98 199 401
408 0 1 2 3 4 5 6 7 8 9 11 12 13 15 17 18 19 21 24 25 27 30 32 33 37 39 41 42 45 51 52 53 57 60 63 67 69 74 77 78 81 85 87 96 102 105 107 109 117 123 129 132 137 141 151 159 162 165 173 177 186 195 207 213 217 228 237 249 261 267 277 294 305 312 321 327 333 357 375 382 393 402 417 429 437 459 492 501 525 537 557 564 591 613 627 645 657 690 717 753 767 789 807 837 877 888 921 942 987
409 2 4 7 10 11 16 23 26 32 35 55 62 67 88 92 127 130 142 179 187 200 244 263 287 374 403 452 491 548 662 751 907
410 8 19 34 71 404 616 811
411 0 1 3 5 9 14 21 31 48 65 70 99 133 143 201 216 286 289 405 435 575 581 864 873
412 1 308 406 619 815
413 2 7 26 38 40 55 79 83 142 202 212 287 407 427
414 0 2 3 7 12 22 27 47 72 122 134 147 247 271 372 408 622 682 747 819
415 1 4 11 25 100 176 203 355 409 713 718
416 1 4 5 11 25 53 56 115 154 233 311 410 469 625 823
417 0 3 6 15 20 43 66 135 204 411
418 2 7 80 163 412 628 827
419 1 2 5 7 8 10 13 17 19 20 23 29 37 41 43 49 52 62 77 85 89 101 107 112 127 140 157 173 181 205 217 227 250 257 283 296 349 365 413 437 457 503 517 569 595 712 733 877 917
420 0 1 3 9 136 275 314 414 553 631 831 948
421 8 16 19 28 35 38 59 79 206 338 415 448 586 679 776 899
422 4 10 11 23 46 88 95 179 416 634 835
423 0 1 2 3 4 7 9 11 12 17 18 25 27 32 39 57 67 81 102 137 207 417
424 1 2 5 7 13 17 29 37 61 77 125 157 253 317 418 637 839
425 208 419
426 0 3 6 15 44 91 138 279 420 640 843
427 1 5 50 103 209 421
428 1 2 7 14 16 17 22 31 35 47 65 73 82 92 97 167 187 286 320 337 377 422 472 575 643 847 947
429 0 2 3 4 7 11 12 18 27 32 34 39 67 68 71 102 108 139 182 207 210 219 256 352 367 423 494 515 552 707 774 991
430 4 8 11 19 56 58 74 115 119 151 410 424 646 668 823 851
431 1 104 211 425
432 0 1 3 5 8 9 10 19 21 23 30 36 41 49 63 75 85 101 129 140 153 160 261 283 309 323 426 486 569 649 855 975
433 2 7 40 83 212 427
434 2 7 128 259 428 652 859
435 0 1 3 5 6 9 10 13 15 21 23 24 33 36 45 49 51 69 75 98 101 105 114 141 153 199 205 213 231 300 309 348 401 429 465 603 621 699 805 906 933
436 1 4 11 25 44 91 185 326 430 655 863
437 4 11 28 59 214 431
438 0 2 3 7 12 26 27 55 84 142 171 287 432 658 867
439 1 2 7 17 22 47 50 97 103 106 209 215 262 433 527 542
440 1 5 13 16 20 35 43 73 80 89 149 163 181 301 329 365 434 661 871
441 0 3 8 19 30 63 70 118 143 216 239 360 435 723 800
442 20 26 43 55 436 664 875
443 1 2 4 5 7 8 11 17 19 25 32 37 41 52 53 67 74 85 107 137 151 188 217 277 305 379 382 437 613 761 767 952
444 0 1 2 3 4 6 7 9 11 12 15 17 18 25 27 32 33 39 42 46 57 60 64 67 81 87 95 102 123 131 137 144 177 193 198 207 242 249 265 291 312 332 399 417 438 466 487 585 600 627 667 732 801 879 935 977
445 10 14 23 31 76 155 218 286 439 575
446 440 670 883
447 0 1 3 9 16 34 35 54 68 71 73 108 111 139 145 210 219 225 281 423 441 700 849
448 1 2 5 7 10 17 23 37 49 62 86 101 127 166 175 257 335 353 442 517 673 709 842 887
449 2 7 220 268 443 539
450 0 3 4 11 18 39 94 146 191 288 295 444 579 676 891
451 1 4 5 11 13 25 29 53 61 109 221 445
452 1 8 19 28 41 59 121 338 446 679 895
453 0 2 3 6 7 12 15 22 27 42 47 72 87 147 222 447
454 2 7 8 19 38 52 79 107 134 202 271 407 448 682 899
455 1 110 223 449
456 0 1 3 5 9 13 21 29 40 45 83 93 126 148 169 255 299 341 450 513 601 685 903
457 4 11 194 224 391 451
458 2 4 7 10 11 23 32 62 67 88 127 179 452 688 907
459 0 1 2 3 5 7 9 12 16 17 21 27 35 37 54 57 73 92 111 117 149 187 225 274 282 377 453 551 567 757 828
460 1 344 454 691 911
461 10 23 104 211 226 455
462 0 3 6 14 15 24 31 38 48 51 79 99 120 150 243 286 303 366 456 575 694 735 864 915
463 1 2 7 8 17 19 20 41 43 52 89 107 112 124 217 227 250 251 457 503 505 632
464 1 2 4 5 7 11 17 22 25 32 37 47 53 67 97 137 172 197 277 347 458 697 919
465 0 3 4 8 11 18 19 20 30 39 43 58 63 66 74 119 135 151 158 180 228 250 319 363 424 459 480 503 668 756 851 963
466 16 34 35 71 460 700 923
467 1 5 13 26 55 113 229 461
468 0 1 2 3 7 9 12 17 27 28 57 59 90 121 152 183 307 350 369 462 617 703 927
469 2 7 230 280 463 563
470 464 706 931
471 0 1 3 4 6 9 10 11 15 18 23 25 26 33 36 39 46 49 55 60 75 81 84 88 95 113 114 123 144 153 171 179 193 200 231 249 258 270 291 345 361 374 403 438 465 519 543 585 606 634 751 809 816 879
472 1 4 5 11 13 25 53 64 86 109 131 175 265 353 466 533 620 709 935
473 2 7 44 91 232 467
474 0 2 3 7 8 10 12 19 23 27 30 36 52 62 63 75 107 127 140 154 162 192 283 311 327 387 426 468 712 782 855 939
475 1 5 56 115 233 469
476 1 8 19 40 41 83 169 356 470 715 943
477 0 3 76 155 234 471
478 2 4 7 11 16 22 32 35 47 67 92 100 130 172 187 203 263 347 472 512 662 718 947
479 1 2 4 7 11 14 17 25 31 32 65 67 82 116 137 167 235 286 337 473 575 592
480 0 1 3 5 6 9 15 21 33 50 69 103 156 178 209 315 359 421 474 540 633 721 951
481 236 475
482 476 724 955
483 0 1 2 3 5 7 9 12 13 17 21 27 28 29 37 44 45 57 59 77 90 91 93 117 121 138 152 157 183 185 232 237 245 279 307 369 373 462 467 477 493 561 617 702 741 749 927 937 989
484 1 2 7 10 17 23 34 49 62 70 71 127 143 145 182 257 289 362 367 478 727 737 946 959
485 4 8 11 16 19 35 74 130 151 206 238 263 415 479
486 0 3 4 11 18 20 39 43 66 135 158 319 480 730 963
487 1 8 10 19 23 41 49 110 118 140 223 239 283 449 481 569
488 1 2 5 7 13 17 20 29 37 43 61 77 89 94 112 157 181 191 227 317 365 385 457 482 733 773 917 967
489 0 2 3 6 7 12 15 22 24 27 42 47 51 56 72 78 87 115 132 147 159 174 222 240 267 292 351 402 447 483 528 587 672 807 882
490 484 736 971
491 1 5 58 119 241 485
492 0 1 3 4 9 11 18 25 39 50 81 103 156 160 209 315 323 368 486 633 649 739 975
493 2 4 7 11 32 46 67 95 242 487
494 2 7 146 295 488 742 979
495 0 1 3 9 38 79 120 161 243 489
496 1 5 8 14 19 26 31 41 55 65 85 113 133 184 229 286 316 371 490 575 635 745 983
497 10 16 23 35 244 491
498 0 2 3 6 7 8 12 15 19 27 30 42 52 63 87 96 107 162 195 327 492 748 987
499 1 2 4 5 7 11 13 17 25 28 32 37 40 53 59 67 77 83 109 121 137 152 169 212 214 245 277 298 307 341 427 431 493 557 599 617 685 857 865
500 1 4 10 11 23 25 26 49 55 68 88 113 139 179 200 281 361 374 403 494 751 809 920 991
501 0 3 80 163 246 495
502 496 754 995
503 1 2 7 17 22 34 38 47 71 79 97 122 145 161 182 202 247 367 407 497 737 817 922
504 0 1 2 3 5 7 9 12 13 16 17 21 27 35 37 45 54 57 73 77 92 111 117 149 164 187 225 237 282 301 331 377 453 498 567 665 757 832 909 999
505 248 499
506 4 11 106 215 500 760
507 0 1 3 4 5 6 8 9 11 15 18 19 21 25 30 33 39 41 53 60 63 69 74 81 85 96 123 129 136 151 165 195 228 249 261 275 305 393 414 459 501 553 613 690 789 831 921 970
508 1 2 7 17 98 199 380 401 502 763
509 2 7 8 19 20 43 52 107 112 227 250 304 503 611
510 0 3 10 23 36 75 166 335 504 766
511 1 20 43 64 89 124 131 251 265 505
512 1 5 190 383 506 769
513 0 2 3 4 7 10 11 12 14 18 23 27 31 32 36 39 48 62 67 75 82 88 99 102 116 127 167 179 192 207 218 235 252 270 286 354 387 439 452 507 543 575 592 660 711 864 907
514 2 4 7 11 22 28 32 47 59 67 70 143 152 172 214 307 347 362 431 508 727 772
515 1 5 13 29 61 125 253 509
516 0 1 3 6 9 15 16 24 33 35 51 54 73 105 111 168 225 339 386 510 681 775
517 254 511
518 2 7 8 19 52 68 100 107 139 203 352 512 707 778
519 0 1 2 3 7 9 12 17 27 40 57 83 126 169 212 255 310 427 513 623 642 857 936
520 1 4 5 8 11 13 19 25 29 41 44 46 53 74 85 91 95 109 151 173 185 193 221 305 326 349 373 389 514 536 613 655 749 781
521 4 11 34 71 256 515
522 0 3 170 343 516 784
523 1 2 5 7 10 16 17 23 35 37 49 62 73 80 92 101 127 149 163 187 244 257 329 377 412 491 517 661 757 827 985
524 1 2 7 17 76 155 313 392 518 787
525 0 3 6 15 26 55 84 171 258 519
526 10 23 58 119 520 790
527 1 4 11 25 128 224 259 451 521 905 914
528 0 1 2 3 4 5 7 9 11 12 17 18 21 22 25 27 32 37 39 47 53 57 67 72 81 97 102 117 137 147 165 172 196 197 207 277 297 347 395 417 522 594 597 697 793 837 992
529 2 7 8 19 26 52 55 107 142 260 287 316 523 635
530 14 28 31 44 59 91 286 524 575 796
531 0 1 3 5 8 9 13 19 21 30 41 45 63 85 129 173 261 525
532 1 20 43 89 398 526 799
533 2 7 50 103 262 527
534 0 2 3 4 6 7 11 12 15 18 20 27 32 39 42 43 56 60 66 67 87 102 112 115 123 135 158 174 204 207 227 292 312 319 342 351 410 411 480 528 587 627 687 802 823 882 963
535 1 4 11 16 25 35 73 130 263 529
536 1 5 10 13 23 38 49 79 98 101 161 199 205 325 401 530 653 805
537 0 3 86 175 264 531
538 2 7 104 211 532 808
539 1 2 5 7 10 17 22 23 37 47 49 62 64 97 101 122 127 131 197 247 257 265 322 332 497 517 533 647 667 868 997
540 0 1 3 8 9 19 30 34 41 63 71 108 129 145 176 219 355 404 441 534 713 811
541 4 11 230 266 463 535
542 4 8 11 16 19 35 40 46 74 83 95 130 151 206 263 298 415 470 536 599 814 928 943
543 0 1 2 3 6 7 9 12 15 17 24 27 33 42 51 57 87 105 132 177 267 537
544 1 2 5 7 17 37 38 79 161 202 325 407 538 817
545 28 50 59 103 268 539
546 0 3 178 359 540 820
547 1 5 13 14 29 31 65 94 133 191 269 286 385 541 575 773
548 1 2 4 7 11 17 25 32 56 67 106 115 137 215 233 292 410 433 542 587 760 823
549 0 2 3 4 7 10 11 12 18 23 27 32 36 39 62 67 75 88 102 127 179 192 207 270 328 387 452 543 659 907 990
550 544 826
551 1 8 19 41 134 148 271 299 545 601
552 0 1 3 5 6 9 10 13 15 21 23 29 33 36 45 49 58 61 69 75 93 101 114 119 125 141 153 180 189 205 231 241 285 309 363 381 413 465 485 546 573 621 729 790 829 933 973
553 2 7 8 19 22 47 52 107 272 547
554 2 7 16 26 35 55 92 142 164 187 287 331 548 832
555 0 1 3 4 5 9 11 18 20 21 25 39 43 53 66 81 89 135 158 165 181 236 273 319 475 480 549 641 714 953 963
556 1 4 11 25 76 155 313 416 550 835
557 20 43 70 143 274 551
558 0 2 3 7 12 26 27 34 55 71 84 108 142 171 182 219 287 367 432 552 838 867
559 1 2 7 17 136 275 334 553 671 692
560 1 5 208 419 554 841
561 0 3 6 15 16 28 35 54 59 86 90 111 168 175 183 264 276 339 531 555 586 798
562 4 8 10 11 19 23 40 74 83 88 118 140 151 179 239 283 298 470 556 599 844 943 998
563 1 2 4 5 7 11 13 17 25 32 37 53 67 77 109 137 277 557
564 0 1 2 3 7 8 9 12 14 17 19 22 27 30 31 41 47 48 52 57 63 65 72 82 97 99 107 129 147 162 167 184 201 217 252 272 286 297 327 337 371 422 507 547 558 575 657 745 822 847 864 932
565 10 23 128 259 278 559
566 560 850
567 0 1 3 9 44 91 138 185 279 561
568 1 2 5 7 13 17 37 77 104 110 211 223 425 449 532 562 853 901
569 2 4 7 11 32 46 67 95 242 280 340 487 563 683
570 0 3 4 6 11 15 18 24 39 51 60 78 123 159 186 375 564 856
571 1 5 68 139 281 565
572 1 428 566 859
573 0 2 3 7 8 12 16 19 27 30 35 52 54 63 92 107 111 154 162 187 206 282 311 327 415 468 567 624 782 939
574 2 7 170 343 568 862
575 1 8 10 19 23 41 49 140 283 569
576 0 1 3 4 5 9 11 18 21 25 28 39 53 59 81 90 121 165 183 188 214 245 369 379 431 570 648 741 761 865
577 4 11 34 38 44 71 79 91 256 284 326 515 571 655
578 2 7 10 20 22 23 43 47 62 64 112 127 131 227 296 322 332 572 595 647 667 868
579 0 1 2 3 5 6 7 9 12 13 15 17 21 27 29 33 37 42 45 57 61 69 77 87 93 117 141 157 177 189 237 285 317 346 357 477 573 695 717 957
580 1 16 20 35 43 73 89 434 574 871
581 14 31 100 203 286 575
582 0 3 190 383 576 874
583 1 2 4 7 11 17 25 26 32 55 67 113 137 142 200 248 287 403 499 577 809
584 1 2 4 5 7 8 11 13 17 19 25 29 32 37 41 52 53 67 74 77 80 85 107 109 137 151 157 163 173 217 221 277 305 329 349 382 412 437 557 578 613 661 767 827 877 910
585 0 3 38 40 79 83 94 120 126 191 243 255 288 579
586 8 19 50 103 580 880
587 1 5 26 55 58 70 113 119 143 229 241 289 485 581
588 0 1 2 3 6 7 9 10 12 15 17 23 27 33 36 42 49 57 62 75 87 114 127 153 177 192 231 257 387 440 465 582 777 883
589 2 7 22 47 68 139 290 352 583 707
590 4 11 124 251 584 886
591 0 1 3 4 9 10 11 18 23 25 36 39 46 49 75 81 88 95 134 144 153 179 193 270 271 291 361 408 543 545 585 634 819 956
592 1 5 16 28 35 59 73 121 149 220 245 443 586 889
593 2 7 56 115 292 587
594 0 2 3 7 12 27 176 194 355 391 534 588 892 982
595 1 5 8 13 19 34 41 71 85 145 160 173 293 323 404 589 649 811
596 1 446 590 895
597 0 3 4 6 8 11 15 18 19 24 30 39 51 60 63 74 96 123 151 186 195 228 254 294 375 459 511 591 690 768
598 2 4 7 11 14 31 32 50 67 82 103 116 167 235 262 286 368 527 575 592 739 898
599 1 2 7 16 17 35 73 92 146 187 295 358 377 593 719 742
600 0 1 3 5 9 13 21 45 110 196 223 336 395 449 594 675 793 901
601 10 20 23 43 296 595
602 596 904
603 0 1 2 3 5 7 9 12 17 20 21 22 27 37 43 47 57 66 72 76 89 97 112 117 135 147 155 181 197 227 234 273 297 313 342 392 457 471 549 572 597 629 687 787 917 945
604 1 2 4 7 10 11 17 23 25 32 49 62 67 88 127 137 179 257 361 452 598 907
605 4 11 40 83 298 599
606 0 3 6 8 15 19 30 63 64 80 96 131 163 195 198 246 399 495 600 734 744 910
607 1 28 56 59 115 121 148 233 299 601
608 1 2 5 7 8 17 19 37 41 52 85 107 118 217 226 239 437 455 481 602 913 965
609 0 2 3 7 12 27 98 199 300 364 502 603 731
610 604 916
611 1 4 5 11 13 16 25 29 35 53 73 109 130 149 221 260 263 301 523 529 605
612 0 1 3 4 9 11 18 25 26 39 55 81 84 113 171 200 345 403 458 606 809 919
613 2 7 58 119 302 607
614 2 7 10 22 23 34 44 47 62 71 91 127 182 232 322 367 467 478 608 647 922 959
615 0 1 3 6 9 14 15 31 33 48 65 99 106 150 201 215 286 303 324 433 575 609 651 864 978
616 1 5 13 26 29 55 61 113 229 461 610 925
617 8 10 19 23 140 166 283 304 335 611
618 0 2 3 4 7 11 12 16 18 27 32 35 38 39 46 54 67 79 92 95 102 111 120 130 144 187 202 207 242 243 263 282 284 291 396 407 487 567 571 612 662 732 776 795 858 928
619 1 2 4 5 7 8 11 17 19 25 32 37 41 52 53 67 74 85 107 137 151 217 277 305 370 382 437 613 743 767
620 1 464 614 931
621 0 3 100 203 306 615
622 616 934
623 1 2 7 17 28 59 121 152 307 617
624 0 1 2 3 5 6 7 9 12 15 17 20 21 24 27 33 37 42 43 44 51 57 66 69 87 89 91 105 112 117 132 135 138 177 181 185 204 213 227 232 267 273 279 342 357 373 411 420 457 467 537 549 561 618 687 702 825 843 917 937
625 4 11 266 308 535 619
626 4 11 20 38 43 79 86 158 175 284 319 571 620 940
627 0 1 3 5 9 10 13 21 23 36 45 49 75 101 153 205 309 621
628 1 2 7 8 17 19 22 40 41 47 52 83 97 107 122 169 212 217 247 272 427 470 497 547 622 857 943
629 2 7 310 376 623 755
630 0 3 8 10 16 19 23 30 35 36 54 63 70 75 111 140 143 206 216 244 283 415 426 435 491 624 738 800 855 946
631 1 154 311 625
632 1 4 5 11 13 14 25 31 34 53 65 71 109 116 133 145 235 256 269 286 293 473 515 575 589 626 949
633 0 2 3 4 6 7 11 12 15 18 27 32 39 42 60 67 87 102 123 207 312 627
634 2 7 188 379 628 952
635 1 5 76 155 313 629
636 0 1 3 9 208 419 476 630 841 955
637 16 35 98 199 314 631
638 2 7 28 59 124 152 251 307 632 958
639 0 1 2 3 4 7 8 9 11 12 17 18 19 22 25 27 30 32 39 41 47 50 52 57 63 67 72 74 81 97 102 103 107 129 137 147 151 156 162 172 207 209 217 228 262 272 297 305 315 327 347 368 382 417 459 522 527 547 580 633 657 697 739 767 792 822 921
640 1 4 5 10 11 23 25 46 49 53 88 95 101 179 193 238 361 389 479 634 725 961
641 8 19 26 55 316 635
642 0 3 6 15 68 139 210 423 636 964
643 1 2 5 7 10 13 17 23 29 37 49 61 62 77 101 125 127 146 157 205 257 295 317 413 517 593 637 742 829
644 1 2 7 17 94 191 385 482 638 967
645 0 3 26 55 64 84 104 131 171 198 211 318 399 639
646 4 11 136 275 640 970
647 1 4 11 20 25 43 89 158 319 641
648 0 1 2 3 5 7 9 12 13 17 21 27 29 37 40 45 57 58 77 83 93 117 119 126 157 169 180 212 237 241 255 302 341 363 427 477 485 513 607 642 685 729 857 912 973
649 2 7 14 16 20 31 35 43 82 92 112 167 187 227 286 320 388 434 575 643 779 871
650 8 19 86 175 644 976
651 0 1 3 5 6 9 15 21 24 33 34 50 51 69 71 78 103 105 108 145 156 159 209 213 219 293 315 321 330 421 441 474 633 645 663 885 951 996
652 1 8 19 41 56 115 233 488 646 979
653 2 4 7 10 11 22 23 32 47 62 67 88 127 172 179 278 322 347 452 559 647 907
654 0 2 3 4 7 11 12 18 27 28 32 39 59 67 90 102 152 183 194 207 214 307 391 431 462 588 648 927 982
655 1 160 323 649
656 1 5 10 16 23 35 49 73 101 149 244 491 650 985
657 0 3 106 215 324 651
658 2 7 128 259 652 988
659 1 2 5 7 13 17 37 38 77 79 161 202 325 394 407 653 791 817
660 0 1 3 4 6 9 11 15 18 25 33 39 60 68 70 81 123 139 143 210 216 249 281 289 423 435 494 508 636 654 849 873 991
661 4 8 11 19 44 74 91 151 178 326 359 514 655
662 656 994
663 0 1 2 3 7 8 9 12 17 19 27 30 41 52 57 63 107 129 162 217 327 657
664 1 2 5 7 13 17 22 37 47 77 97 122 197 247 397 497 658 997
665 328 659
666 0 3 10 14 23 31 36 48 56 75 99 115 174 218 286 351 439 575 660 764 864
667 1 4 5 11 25 38 46 53 79 80 95 161 163 193 284 325 329 389 571 578 661
668 1 2 4 7 11 16 17 25 32 35 67 73 92 130 137 187 263 377 500 529 662
669 0 2 3 6 7 10 12 15 23 27 28 34 36 42 59 62 71 75 87 90 108 114 127 152 182 183 192 219 231 276 307 330 367 387 400 462 478 552 555 582 663 803 927 959
670 20 26 43 55 664
671 1 40 44 83 91 164 169 185 331 665
672 0 1 3 5 8 9 19 20 21 30 41 43 63 66 85 89 129 135 181 220 250 261 273 443 503 549 666 756 889
673 2 7 64 131 332 667
674 2 4 7 8 11 19 26 32 52 55 58 67 74 107 119 142 151 200 287 302 316 382 403 424 607 635 668 767 851
675 0 1 3 4 5 9 11 13 16 18 21 25 29 35 39 45 53 54 73 81 93 104 109 111 130 149 165 211 221 225 263 301 318 333 396 425 453 529 605 639 669 746 795 853 909
676 1 506 670
677 334 671
678 0 2 3 6 7 12 15 22 24 27 42 47 51 72 87 132 147 222 267 447 672
679 1 2 7 10 17 23 49 62 127 166 257 335 406 673 815 842
680 1 5 13 29 61 125 253 509 674
681 0 3 4 11 18 39 110 223 290 336 583 675 788 876
682 4 10 11 23 76 88 94 155 179 191 550 676
683 1 2 5 7 8 14 17 19 31 37 41 52 65 82 85 107 118 133 167 184 217 239 286 337 371 437 481 575 602 677 745 932 965
684 0 1 2 3 7 9 12 17 27 57 100 203 224 306 409 451 512 615 678 905
685 8 19 28 59 338 679
686 680
687 0 1 3 6 9 15 16 33 35 54 73 111 168 225 339 681
688 1 2 4 5 7 11 17 25 32 34 37 53 67 71 134 137 145 182 256 271 277 293 367 515 545 682 737 956
689 2 4 7 11 22 32 46 47 67 80 95 163 172 242 340 347 412 487 578 683 827
690 0 3 226 455 684
691 1 5 13 40 83 169 341 685
692 1 10 23 49 50 103 209 518 686
693 0 2 3 7 12 20 27 43 66 112 135 227 342 687
694 2 7 8 16 19 35 52 92 107 187 206 415 688
695 1 4 10 11 20 23 25 43 49 88 89 158 170 179 296 319 343 361 595 641 689
696 0 1 3 4 5 6 8 9 11 13 15 18 19 21 25 30 33 39 41 45 53 60 63 69 74 81 85 96 109 123 128 129 141 151 165 173 195 228 249 259 261 305 333 390 393 459 501 521 525 613 690 783 789 914 921
697 344 691
698 2 7 136 275 692
699 0 1 2 3 5 7 9 12 17 21 26 27 37 55 57 84 113 117 142 171 229 287 345 418 432 577 693 839 867
700 1 14 28 31 38 59 65 79 121 161 286 524 575 694
701 346 695
702 0 3 4 11 18 39 148 230 299 450 463 696 903
703 1 2 4 7 11 17 22 25 26 32 47 55 67 70 97 113 137 142 143 172 200 287 289 347 362 403 508 577 697 722 727 809
704 1 2 5 7 17 37 50 103 209 262 421 527 698
705 0 3 6 8 10 15 19 23 24 30 36 51 63 75 96 114 140 190 195 231 283 294 348 383 426 576 591 699 855
706 16 34 35 71 700
707 1 5 8 13 19 29 41 61 85 173 349 701
708 0 1 2 3 7 9 10 12 17 23 27 36 38 44 49 57 62 75 79 91 120 127 138 153 161 185 192 202 232 243 257 279 387 407 467 489 530 561 608 612 702 777 817 937
709 2 4 7 11 32 58 67 119 302 350 424 607 703 851
710 4 11 98 199 704
711 0 1 3 9 56 115 174 233 351 705
712 1 5 13 29 64 131 265 533 706
713 2 7 16 35 68 92 110 139 187 223 352 562 707
714 0 2 3 6 7 12 15 22 27 40 42 47 72 76 83 87 126 147 155 212 222 234 255 384 392 427 447 471 642 708 771 787
715 1 5 86 175 353 709
716 1 4 8 11 19 20 25 28 41 43 46 59 74 89 95 121 151 158 193 214 250 305 319 338 431 503 536 641 679 710 865
717 0 3 4 11 14 18 31 39 48 99 116 124 235 251 286 354 378 575 711 759 864 886
718 2 7 8 10 19 20 23 43 44 52 62 91 107 112 127 140 227 232 250 283 296 467 503 514 595 608 712
719 1 2 7 17 176 355 430 713 863 892
720 0 1 3 5 9 21 236 268 475 539 714 810 953
721 10 23 164 331 356 715
722 716
723 0 1 2 3 4 5 6 7 9 11 12 13 15 17 18 21 25 27 32 33 37 39 42 45 53 57 60 67 69 77 81 87 102 109 117 123 137 141 165 177 207 237 249 277 308 312 333 357 417 501 557 619 627 717 837 930
724 1 2 4 7 11 17 25 32 67 100 106 137 203 215 409 433 512 542 718 760
725 16 34 35 56 71 115 358 700 719
726 0 3 238 479 720
727 1 8 19 41 178 196 359 395 721 793
728 1 2 5 7 13 17 22 26 37 47 55 77 97 113 134 142 197 229 271 287 397 461 545 577 682 722
729 0 2 3 7 8 12 19 27 30 52 63 107 118 162 239 327 360 436 602 723 875
730 4 11 154 311 724
731 1 4 5 10 11 23 25 28 49 53 59 68 88 101 121 139 179 214 245 281 361 400 431 494 565 725 803 865 920 991
732 0 1 3 6 9 15 16 24 26 33 35 51 54 55 73 78 84 105 111 113 159 168 171 225 240 258 321 339 345 483 510 519 548 681 726 780 969
733 2 7 70 143 362 727
734 2 7 10 14 23 31 40 62 82 83 127 167 212 218 286 427 439 556 575 728
735 0 1 3 9 58 119 180 241 363 729
736 1 5 274 551 730
737 4 11 314 364 631 731
738 0 2 3 4 7 8 11 12 18 19 27 30 32 39 46 52 63 67 74 95 98 102 107 144 151 162 199 207 228 242 291 300 327 382 459 487 502 536 603 704 732 767
739 1 2 5 7 13 17 20 22 29 37 43 47 77 86 89 97 112 157 175 181 197 227 353 365 397 442 457 572 709 733 797 887 917
740 1 8 19 41 64 131 265 554 734
741 0 3 6 15 20 38 43 66 79 94 120 135 191 204 243 288 366 411 579 735 870 940
742 736
743 1 2 7 17 34 71 145 182 367 737
744 0 1 2 3 4 5 7 9 10 11 12 13 16 17 18 21 23 25 27 29 32 35 36 37 39 45 49 53 54 57 61 62 67 73 75 77 81 88 92 93 101 102 109 111 117 127 130 137 149 153 157 165 179 187 189 192 205 207 221 225 237 244 257 263 270 277 282 301 309 317 333 361 377 387 396 413 417 445 452 453 477 491 517 529 543 557 567 605 621 662 669 725 738 757 777 795 829 837 907 909 957 985
745 4 11 50 103 368 739
746 740
747 0 1 3 5 9 10 21 23 28 36 49 59 75 90 101 121 153 170 183 245 309 343 369 400 516 689 741 803
748 1 2 7 17 146 295 560 593 742
749 2 7 8 19 38 52 79 107 202 370 407 448 743 899
750 0 3 6 15 80 163 246 495 744
751 1 4 8 11 14 16 19 25 31 35 41 65 73 74 116 130 151 184 206 235 263 286 305 320 371 415 473 529 575 643 745 833
752 1 4 5 11 25 53 104 211 280 425 563 746 853
753 0 2 3 7 12 22 27 47 72 122 147 247 372 747
754 2 7 224 451 748
755 1 5 13 44 91 185 373 749
756 0 1 3 9 248 499 566 750
757 10 23 26 40 50 55 83 103 374 556 686 751
758 2 4 7 11 32 67 148 160 299 323 752 812
759 0 1 2 3 4 6 7 9 11 12 15 17 18 24 25 27 32 33 39 42 51 57 60 67 81 87 102 105 123 132 137 177 186 207 249 267 312 375 417 454 537 627 753 911 942
760 1 5 8 10 13 19 23 41 49 85 101 140 173 205 283 569 754
761 26 55 76 155 376 755
762 0 3 8 19 20 28 30 34 43 59 63 66 71 90 108 135 183 219 250 338 404 503 679 710 756 811 848
763 1 2 5 7 16 17 35 37 73 92 149 187 377 757
764 1 2 7 17 20 22 43 47 89 97 112 227 457 572 758
765 0 3 4 11 18 39 44 46 91 95 124 138 144 251 279 291 326 378 655 759 886 984
766 4 11 106 215 760
767 1 188 379 761
768 0 1 2 3 5 6 7 9 12 14 15 17 21 27 31 33 37 42 48 57 65 69 82 87 99 117 133 150 167 177 201 252 286 303 337 357 405 507 575 609 677 762 864
769 2 7 380 460 763 923
770 10 16 23 35 56 58 115 119 244 491 764 790
771 0 1 3 5 8 9 13 19 21 29 30 41 45 61 63 85 93 125 129 173 189 208 253 261 349 381 419 525 630 701 765 841
772 1 4 11 25 80 163 329 578 766
773 2 4 7 8 10 11 19 23 32 52 62 67 74 88 107 127 140 151 176 179 283 355 382 452 712 767 892 907 998
774 0 2 3 7 12 27 230 254 463 511 696 768
775 1 190 383 769
776 1 5 13 29 70 143 289 581 770
777 0 3 6 15 40 83 126 255 384 771
778 2 7 22 28 47 59 152 307 772
779 1 2 4 5 7 11 17 25 32 37 53 64 67 94 131 137 191 265 277 332 385 466 482 533 667 676 773 935 967
780 0 1 3 4 9 11 18 25 34 39 71 81 108 145 219 256 441 515 584 774
781 386 775
782 8 16 19 35 38 79 104 206 211 415 448 776 899
783 0 1 2 3 7 9 10 12 17 23 27 36 49 57 62 75 127 153 192 257 387 777
784 1 2 5 7 8 17 19 37 41 52 56 68 85 107 115 139 217 233 281 292 352 437 469 565 587 646 707 778
785 14 20 31 43 136 275 286 388 575 779
786 0 3 4 6 10 11 15 18 23 24 26 36 39 51 55 60 75 84 88 114 123 166 171 179 186 200 231 258 270 335 348 374 375 403 504 519 543 606 699 751 780 816
787 1 4 5 11 13 20 25 43 46 53 89 95 100 109 158 181 193 203 319 365 389 409 641 718 781 821
788 1 2 7 17 154 311 590 625 782
789 0 2 3 7 12 16 22 27 35 47 54 72 92 111 122 128 147 187 247 259 282 372 390 472 567 652 747 783 947
790 26 38 55 79 784
791 1 194 391 785
792 0 1 3 5 9 13 21 45 146 260 295 444 523 593 786 891
793 2 4 7 8 11 19 28 32 52 59 67 74 76 107 151 152 155 214 307 338 382 392 431 550 679 767 787 866
794 2 4 7 11 32 67 110 223 236 475 562 788
795 0 1 3 5 6 8 9 15 19 21 30 33 41 63 69 85 96 129 195 261 393 789
796 1 10 23 49 58 119 241 596 790
797 394 791
798 0 2 3 7 12 27 50 103 156 262 315 527 792
799 1 2 7 10 17 23 34 49 62 71 127 145 182 196 257 367 395 478 737 793 959 992
800 1 4 5 11 25 40 53 83 169 298 341 599 794
801 0 3 4 11 16 18 35 39 54 111 130 263 396 795
802 14 31 44 68 91 139 286 575 796
803 1 2 5 7 13 17 22 29 37 47 77 97 157 197 397 797
804 0 1 2 3 6 7 8 9 12 15 17 19 27 30 33 41 42 52 57 63 86 87 96 107 118 129 162 175 177 195 217 239 264 327 353 360 393 442 481 492 531 602 657 723 798 887 976 987
805 398 799
806 8 19 70 143 800
807 0 1 3 4 9 11 18 25 39 64 81 131 198 265 344 399 466 691 801 935
808 1 2 4 5 7 11 13 16 17 20 25 29 32 35 37 43 53 61 67 73 77 89 92 109 112 125 130 137 149 157 158 181 187 221 227 263 277 301 317 319 365 377 434 445 457 529 557 605 637 641 662 733 757 802 871 893 917
809 2 7 10 23 28 59 62 127 152 307 400 484 803 971
810 0 3 20 43 50 66 103 135 156 266 315 535 804
811 1 5 98 199 401 805
812 1 10 23 44 49 91 185 608 806
813 0 2 3 6 7 12 15 24 27 42 51 78 87 132 159 267 402 807
814 2 4 7 11 22 32 46 47 67 95 172 242 347 487 808
815 1 4 8 11 19 25 26 41 55 74 113 151 200 220 305 316 403 443 635 809 889
816 0 1 3 5 9 21 268 304 539 611 810 918
817 8 19 34 71 404 811
818 2 7 160 323 812
819 0 1 2 3 5 7 9 12 13 14 17 21 26 27 31 37 45 48 55 57 65 77 82 84 99 113 117 133 142 167 171 201 229 237 252 269 286 287 337 345 405 432 461 490 507 575 577 677 693 813 864 867 983
820 1 16 35 40 73 83 169 614 814
821 4 11 350 406 703 815
822 0 3 4 6 10 11 15 18 23 36 39 60 75 88 114 123 179 231 270 543 816
823 1 2 7 17 38 79 161 202 407 817
824 1 2 5 7 13 17 28 37 59 77 121 152 245 307 493 617 818
825 0 3 10 23 36 75 134 188 271 379 408 570 819
826 8 19 110 223 820
827 1 5 16 35 73 100 128 149 203 259 409 521 821
828 0 1 2 3 4 7 8 9 11 12 17 18 19 22 25 27 30 32 39 41 47 52 57 63 67 72 74 81 86 97 102 107 129 137 147 151 162 172 175 207 217 228 264 272 297 305 327 347 353 382 417 442 459 522 531 547 620 657 697 767 822 887 921 976
829 2 4 7 11 32 56 67 115 292 410 496 587 823 995
830 824
831 0 1 3 6 9 15 20 33 38 43 58 66 79 89 119 120 135 161 180 204 241 243 273 363 366 411 489 546 729 735 825 940
832 1 5 310 623 826
833 2 7 20 43 80 106 112 163 215 227 412 542 827
834 0 2 3 7 12 27 248 274 499 551 750 828
835 1 4 5 10 11 13 23 25 29 49 53 61 88 101 109 179 205 221 356 361 413 445 715 725 829
836 1 4 11 14 25 31 34 46 65 71 95 116 145 193 235 256 286 473 515 575 626 830
837 0 3 8 19 30 63 136 226 275 414 455 684 831
838 2 7 10 23 62 94 127 164 191 331 482 832 967
839 1 2 7 8 16 17 19 22 35 41 47 52 73 92 97 98 107 187 199 206 217 272 377 401 415 472 502 547 833 947
840 0 1 3 5 6 9 13 15 21 24 28 29 33 45 51 59 69 76 90 93 105 121 141 155 183 213 234 245 276 285 313 369 429 471 493 555 629 708 741 834 861 945 989
841 416 835
842 4 11 178 359 836
843 0 1 2 3 4 5 7 9 11 12 17 18 21 25 27 32 37 39 40 53 56 57 67 81 83 102 115 117 126 137 165 169 174 207 212 233 255 277 292 298 341 351 410 417 427 469 513 587 599 642 705 823 837 857 882 900
844 1 2 7 17 26 55 113 124 142 251 287 505 577 632 838
845 418 839
846 0 3 16 35 54 64 111 131 198 278 399 559 840
847 1 208 419 841
848 1 2 5 7 8 10 17 19 23 26 37 41 49 52 55 62 85 101 107 113 127 140 142 166 217 229 257 283 287 316 335 374 437 517 569 577 635 673 712 751 842
849 0 2 3 4 6 7 11 12 15 18 27 32 39 42 44 60 67 70 87 91 102 123 138 143 207 216 232 279 312 326 362 420 435 467 508 627 654 655 702 727 843 984
850 4 8 11 19 74 118 151 239 844
851 1 5 10 13 23 49 50 101 103 194 205 209 391 421 686 785 845
852 0 1 3 9 280 563 638 846
853 2 7 14 22 31 47 82 148 167 286 299 422 575 752 847
854 2 7 20 34 43 71 112 182 227 254 367 511 848
855 0 1 3 9 28 59 68 80 90 121 139 163 183 210 246 281 329 369 423 495 849 993
856 1 4 5 11 13 20 25 43 53 89 109 158 181 319 365 641 850
857 4 11 58 119 424 851
858 0 2 3 6 7 12 15 16 27 35 42 54 87 92 111 168 187 282 339 567 852
859 1 2 5 7 8 17 19 37 41 44 52 85 91 104 107 185 211 217 232 373 425 437 467 514 532 853 937
860 1 644 854
861 0 3 8 10 19 23 30 36 63 75 140 283 426 855
862 856
863 1 2 4 7 11 17 25 32 40 46 50 67 83 95 103 137 169 193 209 212 242 262 298 368 427 487 527 599 739 857 977
864 0 1 2 3 4 5 7 9 10 11 12 17 18 21 22 23 25 27 32 36 37 38 39 47 49 53 57 62 67 72 75 79 81 88 97 101 102 117 120 127 137 147 153 161 165 172 179 192 197 202 207 243 257 270 277 284 297 309 322 325 347 361 387 407 417 452 489 517 522 530 543 571 597 612 647 697 725 777 817 837 858 907 972 981
865 16 35 134 271 428 859
866 860
867 0 1 3 5 6 9 13 15 21 24 29 33 45 51 69 93 105 141 213 285 429 861
868 1 2 7 17 170 343 650 689 862
869 2 7 430 520 863
870 0 3 4 8 11 14 18 19 30 31 39 48 63 74 99 116 151 184 228 235 286 354 371 459 558 575 711 864
871 1 4 11 25 28 59 121 214 431 865
872 1 5 8 13 19 29 38 41 61 76 79 85 155 161 173 313 325 349 448 629 653 701 866 899
873 0 2 3 7 12 26 27 34 55 68 71 84 108 139 142 171 182 210 219 287 352 367 423 432 552 707 867
874 2 7 10 23 62 64 127 131 260 332 523 667 868
875 1 5 106 215 433 869
876 0 1 3 6 9 15 33 94 191 288 385 579 656 870
877 4 10 11 16 20 23 26 35 43 55 88 130 158 179 200 244 263 296 319 374 403 434 491 548 595 664 751 871
878 2 4 7 11 22 32 47 67 122 172 247 347 872
879 0 1 2 3 7 9 12 17 20 27 43 57 66 70 89 112 135 143 216 227 273 289 342 362 435 457 526 687 727 873
880 1 5 328 659 874
881 8 19 238 436 479 875
882 0 3 290 583 876
883 1 2 5 7 8 13 17 19 37 41 52 77 85 107 173 217 437 877
884 1 2 4 7 11 16 17 25 32 35 67 73 92 130 137 187 263 377 529 662 878
885 0 3 4 6 11 15 18 39 46 60 95 123 144 291 438 879
886 28 40 59 83 880
887 1 10 14 23 31 49 65 154 218 286 311 439 575 625 881
888 0 1 2 3 5 7 9 12 13 17 21 27 37 45 56 57 77 115 117 164 174 233 237 292 331 351 469 498 587 665 705 832 882 941 999
889 2 7 22 47 104 211 440 532 883
890 10 23 100 203 884
891 0 1 3 4 5 9 11 18 21 25 34 39 53 71 81 108 145 165 219 256 293 380 441 515 763 774 885
892 1 4 8 11 19 25 41 58 74 119 124 151 241 251 305 424 505 668 851 886
893 2 7 86 175 442 887
894 0 2 3 6 7 8 12 15 19 24 27 30 42 51 52 63 78 87 96 107 132 159 162 195 266 267 294 327 402 492 535 591 804 807 888 987
895 1 220 443 889
896 1 5 16 35 44 73 91 149 185 334 373 671 890
897 0 3 146 295 444 891
898 2 4 7 11 32 67 176 190 355 383 892 962
899 1 2 4 5 7 11 13 17 25 29 32 37 53 61 67 77 109 125 137 157 221 277 317 445 538 557 637 893
900 0 1 3 9 10 20 23 36 43 49 66 75 89 135 153 273 296 595 674 894
901 446 895
902 20 26 28 43 55 56 59 115 664 710 896
903 0 1 2 3 6 7 8 9 10 12 15 16 17 19 22 23 27 30 33 35 36 41 42 47 49 52 54 57 62 63 72 73 75 87 92 96 97 107 111 114 127 129 140 147 153 162 168 177 187 192 195 206 217 222 225 231 244 257 272 282 283 297 322 327 339 377 387 393 415 426 447 465 472 491 492 547 567 569 582 624 647 657 681 712 738 777 822 833 852 855 897 947 972 985 987
904 1 2 5 7 13 14 17 29 31 37 50 65 77 82 103 133 157 167 209 262 269 286 337 421 527 541 575 677 845 898
905 4 8 11 19 38 74 79 151 284 386 448 571 775 899
906 0 3 4 11 18 26 39 40 44 55 83 84 91 126 138 171 200 255 279 298 326 403 599 606 655 900 984
907 1 5 110 223 449 901
908 1 2 7 17 178 359 680 721 902
909 0 2 3 7 12 27 148 299 450 544 752 903
910 34 71 904
911 1 224 451 905
912 0 1 3 4 5 6 9 11 15 18 21 25 33 39 46 53 60 69 81 95 98 123 144 165 193 199 249 291 300 340 389 401 438 501 585 603 683 704 805 879 906
913 2 4 7 10 11 23 32 38 62 64 67 79 88 127 131 179 202 284 332 407 452 466 530 571 667 868 907 935
914 2 7 8 19 22 47 52 107 122 247 272 547 908
915 0 1 3 5 9 13 16 21 35 45 54 73 111 149 225 301 453 909
916 1 8 10 19 23 41 49 50 80 103 140 163 209 283 329 569 580 686 910
917 28 59 86 175 454 911
918 0 2 3 7 12 27 58 119 180 302 363 607 912
919 1 2 4 7 11 17 25 32 67 76 137 155 226 313 392 455 550 787 913
920 1 4 5 11 13 25 53 109 128 170 259 343 521 689 914
921 0 3 6 14 15 24 31 48 51 99 150 160 286 303 323 456 486 575 864 915 975
922 16 35 70 143 916
923 1 2 5 7 17 20 37 43 89 112 181 227 457 917
924 0 1 2 3 7 9 12 17 27 57 136 275 304 414 553 611 692 831 918
925 8 19 20 43 118 239 250 458 503 919
926 4 10 11 23 68 88 139 179 196 395 494 920 991
927 0 1 3 4 8 9 11 18 19 25 30 39 41 63 74 81 129 151 228 305 459 921
928 1 2 5 7 17 22 34 37 47 71 97 145 182 197 293 346 367 695 737 922
929 2 7 10 23 40 62 83 127 212 427 460 556 923
930 0 3 6 15 100 203 306 615 924
931 1 5 13 26 29 55 113 229 461 925
932 1 698 926
933 0 2 3 4 7 11 12 18 27 28 32 39 59 67 90 102 152 183 207 214 307 398 431 462 648 799 927
934 2 4 7 11 16 32 35 46 67 92 95 130 187 242 263 278 487 559 662 928
935 1 26 55 94 113 191 230 385 463 929
936 0 1 3 5 8 9 13 19 21 29 30 41 45 61 63 85 93 125 129 173 189 253 261 308 349 381 525 619 701 765 930
937 464 931
938 2 7 8 14 19 31 52 80 82 107 163 167 184 286 371 412 575 827 910 932
939 0 1 2 3 5 6 7 9 10 12 15 17 21 22 23 27 33 36 37 42 47 49 57 62 69 72 75 87 97 101 110 114 117 127 147 153 177 192 197 222 223 231 257 297 309 322 336 357 387 447 449 465 517 562 582 597 647 675 777 897 901 933 972
940 1 4 11 25 98 199 401 704 934
941 4 11 16 35 64 130 131 146 263 295 466 935
942 0 3 10 23 36 75 106 215 310 324 623 651 936
943 1 2 7 17 44 91 185 232 467 937
944 1 2 5 7 17 37 68 139 281 352 565 707 938
945 0 3 154 311 468 939
946 20 38 43 79 940
947 1 4 5 8 11 13 19 25 34 41 53 56 71 74 85 109 115 145 151 173 233 256 293 305 404 410 469 515 589 613 646 811 823 941
948 0 1 2 3 4 6 7 9 11 12 15 17 18 20 24 25 27 28 32 33 39 42 43 51 57 59 60 66 67 81 87 89 90 102 105 112 121 123 132 135 137 152 158 177 183 186 204 207 214 227 249 267 273 276 307 312 319 342 369 375 411 417 431 457 462 480 537 555 617 618 627 641 648 687 710 753 802 825 834 865 927 942 963
949 2 7 8 19 40 52 83 107 212 427 470 568 943
950 944
951 0 1 3 9 76 155 234 313 471 945
952 1 5 10 13 23 49 70 101 143 176 205 289 355 581 713 946
953 2 7 16 22 35 44 47 58 91 92 119 187 232 302 467 472 607 890 947
954 0 2 3 4 7 11 12 18 27 32 38 39 67 79 102 120 202 207 243 284 314 407 571 612 631 858 948
955 1 4 5 10 11 14 23 25 31 49 53 65 88 101 116 133 166 179 218 235 286 335 361 439 473 575 673 725 881 949
956 1 716 950
957 0 3 6 15 50 103 156 315 474 951
958 2 7 8 19 52 107 128 188 259 379 652 952
959 1 2 7 17 236 475 574 953
960 0 1 3 5 8 9 16 19 21 26 30 35 41 54 55 63 73 84 85 111 113 129 149 171 206 225 229 261 316 345 358 415 453 548 624 635 693 719 833 954
961 4 11 46 56 95 115 410 476 823 955
962 4 11 134 271 956
963 0 1 2 3 5 7 9 12 13 17 21 27 29 37 45 57 61 77 93 117 157 189 237 317 477 957
964 1 2 7 17 22 26 28 47 55 59 97 113 121 142 152 287 307 577 617 722 772 896 958
965 10 23 34 71 478 959
966 0 3 6 15 104 211 318 639 960
967 1 238 479 961
968 1 2 4 5 7 10 11 13 17 23 25 29 32 37 49 53 62 67 77 88 101 109 127 137 157 179 190 205 221 257 277 361 383 413 452 517 557 725 769 907 962
969 0 2 3 4 7 8 11 12 18 19 20 27 30 32 39 43 50 52 63 66 67 74 102 103 107 112 135 151 156 158 162 207 227 228 250 262 315 319 327 342 368 382 459 480 503 527 580 687 739 756 767 792 802 963
970 964
971 1 5 8 19 20 41 43 85 89 118 124 181 239 250 251 481 503 505 965
972 0 1 3 9 14 16 31 35 40 48 54 65 73 83 99 111 126 169 201 225 255 286 320 513 575 643 728 814 864 966
973 2 7 94 191 482 967
974 2 7 290 583 968
975 0 1 3 4 6 9 11 15 18 24 25 33 39 51 60 78 81 105 123 159 186 240 249 321 375 416 483 564 753 835 969
976 1 4 5 11 25 53 136 275 364 553 731 970
977 484 971
978 0 2 3 7 10 12 22 23 27 36 47 62 72 75 127 147 192 322 387 647 972
979 1 2 5 7 13 16 17 28 35 37 58 59 73 77 92 119 121 149 152 187 241 245 301 302 307 377 485 493 586 607 617 757 973
980 1 8 19 41 64 131 265 734 974
981 0 3 10 23 36 75 160 224 323 451 486 678 975
982 4 8 11 19 74 86 151 175 208 419 620 976
983 1 2 4 7 11 17 25 32 46 67 95 137 193 242 487 977
984 0 1 2 3 5 6 7 9 12 13 15 17 21 27 33 34 37 42 45 57 69 71 77 87 106 108 117 141 145 177 182 215 219 237 293 324 330 357 367 433 441 542 552 589 651 663 717 737 869 885 978
985 488 979
986 980
987 0 1 3 5 9 21 38 79 120 161 243 325 489 981
988 1 2 7 17 194 391 740 785 982
989 2 4 7 11 14 22 26 31 32 47 55 67 82 116 142 167 172 200 235 286 287 347 403 422 490 575 592 722 847 983
990 0 3 4 11 18 39 44 91 138 279 326 655 984
991 1 8 10 16 19 23 35 41 49 73 140 206 244 268 283 415 491 539 569 833 985
992 1 5 20 40 43 83 89 169 181 341 370 743 986
993 0 2 3 6 7 8 12 15 19 26 27 30 42 52 55 63 84 87 96 100 107 142 162 171 195 203 258 287 306 316 327 432 492 512 519 615 635 867 924 954 987
994 2 7 10 20 23 43 62 112 127 227 296 595 988
995 1 5 13 28 29 38 59 70 79 121 143 161 245 289 325 493 581 653 989
996 0 1 3 4 9 11 18 25 39 81 104 211 318 328 425 639 659 746 990
997 4 11 68 139 494 991
998 2 7 16 35 76 92 155 187 196 392 395 787 992
999 0 1 2 3 7 9 12 17 27 57 80 163 246 329 412 495 598 827 993
